referrer,views_total,views_unique
github.com,13,10
